3.846532488
1.536021746
5.215787605
2.2312621
-0.684994162
5.453506582
2.245880582
3.299929094
1.870901444
3.864492083
0.541410777
4.630925997
1.867014628
2.517021155
5.174549482
2.469774195
0.766630082
2.042907018
5.333518324
4.36003008
1.958957203
2.006048133
4.76455007
6.54417197
4.207250964
0.65600761
1.678930597
3.825048363
2.66214651
1.818395938
4.091822614
5.996417419
2.923865724
3.54466596
3.72172896
4.650953095
5.17042389
6.297414792
0.847569348
2.681673444
2.767536789
6.221712958
2.939136304
0.808956033
5.669945295
5.948589598
3.344149532
4.019626411
5.953168364
4.746901878
4.287719221
6.141518754
4.516441361
2.142623703
4.087293128
5.940067012
1.210836232
4.236922218
3.971086421
1.299545494
2.84117811
0.562120719
0.880336221
1.11276302
6.682934417
4.101701612
1.284435028
5.345472366
1.503353783
1.888315588
5.965121635
5.394598272
2.062608047
4.237906875
5.936595294
4.010835634
1.346624187
3.347649351
1.43715078
2.381470383
6.747776683
2.807201734
6.620573618
1.731476437
4.711388788
0.750353986
1.676973948
5.314766588
3.816747503
6.764238356
2.206053764
3.292293421
2.98880369
0.273146278
1.874487396
1.480385467
2.538986305
2.445385607
5.893140898
1.760461765
5.206584656
0.082788466
1.777313768
4.005848209
2.876349163
2.348960826
5.785700737
4.567291862
4.674442207
2.091214246
2.833322036
3.946169329
4.428151539
2.426124586
4.754022526
6.19845032
2.048735433
4.493879549
5.584970288
4.487502534
1.981195195
4.666066307
3.954887032
1.647112109
2.422033035
2.596016496
5.194060396
-0.584419119
2.374797244
3.920751064
5.762452635
4.525490552
5.057838526
6.260357452
6.210003215
7.369595216
5.72482817
1.701934824
3.130083632
4.670973459
1.393511627
0.092876215
1.677723147
5.263335468
2.563891191
4.208754155
2.200271248
3.267099754
4.450618215
5.858125338
4.517120579
1.491588011
5.027829518
0.847823358
2.247940818
0.706040988
2.412570913
5.601796331
1.619659582
4.715019945
2.602667255
1.813234223
2.115279901
5.00412926
1.837184427
4.590003919
5.351584349
0.542111855
7.060595622
3.718325864
4.88915353
4.06518919
5.028568103
5.092277715
5.141484468
1.237762177
2.793166491
4.243040728
4.431927214
2.410226747
4.884063587
5.129932486
5.264340346
4.35291659
1.449526438
2.694879016
2.880669319
4.945797811
3.584387795
1.260792583
1.759324573
1.929141976
5.125583595
4.780970868
2.164915898
3.51962322
3.210450562
4.416862518
3.627658517
3.155392425
4.922817405
5.569425329
6.317563443
3.686763947
2.224000758
5.703610967
1.738181552
5.943454642
2.783089235
5.690641303
2.508784975
3.357136372
3.103854744
1.762531076
1.370276163
2.359609544
1.483295801
3.532534994
4.439475034
6.032188798
5.143806777
2.870921735
3.433918637
5.928388277
2.285758396
2.253578547
4.987783847
3.328230472
2.859282681
5.167631514
2.503835785
2.834338335
4.852124296
1.380053027
3.661977051
3.831651159
6.174126834
2.171316048
3.086487841
4.623533917
4.485863992
6.06431399
5.744565577
5.429642847
1.036931028
2.271649295
1.061713017
4.467522934
3.521838316
4.354744827
4.69369607
1.871305256
2.874183429
5.59320935
3.084658878
4.435520814
1.844594222
3.947730781
4.099903371
2.454938021
2.168471302
-0.909838703
0.648995843
4.929909036
2.544636071
1.567989574
5.53257518
1.303574482
2.878280017
5.015819776
1.187236029
0.093437274
3.043153658
5.548907302
5.659508508
1.732671287
6.050562859
2.538855442
1.909066854
4.516516883
2.299803057
3.140668291
4.413774906
5.235778106
4.284402438
0.641996086
5.394258824
5.448935896
3.13715817
4.044130501
5.913506227
5.849726077
0.806734547
4.442987377
2.272365574
2.575341822
4.624718669
1.057177106
2.530672142
2.015107199
5.457080133
1.596168979
6.001534962
2.423082232
0.062847719
4.453366022
0.930283098
4.437740104
5.081369333
5.463283263
4.72665171
2.494613298
5.721133691
6.508830665
3.195652473
5.577712894
2.759115073
3.992412082
4.976249992
5.415141493
0.925508356
2.44996962
5.081050818
4.160088304
5.773116125
2.714627863
3.055122399
4.886419202
4.765310205
3.575202347
2.610209337
3.276576684
3.176564258
1.772327126
5.17317103
3.210326472
1.943188128
6.198311799
5.299524656
6.213366767
3.187248062
2.100834465
1.278297693
1.606002332
5.263776748
1.954135414
4.558627553
1.559171687
4.627213595
1.596993367
1.802542769
1.438793428
1.773223884
5.847945637
6.431679424
3.459292553
1.794286777
3.267336487
2.196295409
1.214445582
5.845718504
4.705360883
2.382395611
7.174026145
5.272513237
6.019314725
6.445593804
3.02403479
6.348965917
1.250289744
5.577811024
3.941561259
2.82182786
3.589517218
5.194879794
2.699827729
3.359026614
4.170018908
4.907460839
2.289082799
2.597952265
5.646609143
5.045326941
6.503772539
5.576145489
1.922397515
3.047839596
1.809174868
1.664319123
5.950065527
5.149664621
7.46194007
4.15811741
1.749784039
6.114211538
1.7814142
2.487295271
3.498459162
4.310125585
4.148936923
